train: 0.767634850154896
test: 0.766066227555275
dev: 0.7681418788731098